- - -
-16.0000 -12.0000 1.0000 1.0000 1.0000 0.0000 0.0000 0.0000 -66.0000
7.0000 2.0000 -1.0000 0.0000 0.0000 1.0000 0.0000 0.0000 28.0000
2.0000 12.0000 0.0000 -1.0000 0.0000 0.0000 1.0000 0.0000 24.0000
7.0000 -2.0000 0.0000 0.0000 -1.0000 0.0000 0.0000 1.0000 14.0000
0.0000 0.0000 5.0000 7.5000 0.0000 -320.0000
-0.0000 0.0000 -1.1000 0.3500 1.0000 8.4000
0.0000 1.0000 0.0250 -0.0875 0.0000 1.4000
1.0000 0.0000 -0.1500 0.0250 0.0000 3.6000
1
V1 3.6000 1.4000
320.0000
- - -
-16.0000 -12.0000 1.0000 1.0000 1.0000 0.0000 0.0000 0.0000 -66.0000
7.0000 2.0000 -1.0000 0.0000 0.0000 1.0000 0.0000 0.0000 28.0000
2.0000 12.0000 0.0000 -1.0000 0.0000 0.0000 1.0000 0.0000 24.0000
7.0000 -2.0000 0.0000 0.0000 -1.0000 0.0000 0.0000 1.0000 14.0000
0.0000 0.0000 1.0000 0.0000 0.0000 -28.0000
-0.0000 0.0000 -1.1000 0.3500 1.0000 8.4000
0.0000 1.0000 0.0250 -0.0875 0.0000 1.4000
1.0000 0.0000 -0.1500 0.0250 0.0000 3.6000
2
V1 3.6000 1.4000
V2 3.0000 3.5000
28.0000
- - -
-16.0000 -12.0000 1.0000 1.0000 1.0000 0.0000 0.0000 0.0000 -66.0000
7.0000 2.0000 -1.0000 0.0000 0.0000 1.0000 0.0000 0.0000 28.0000
2.0000 12.0000 0.0000 -1.0000 0.0000 0.0000 1.0000 0.0000 24.0000
7.0000 -2.0000 0.0000 0.0000 -1.0000 0.0000 0.0000 1.0000 14.0000
0.0000 0.0000 1.1000 -0.3500 0.0000 -22.4000
-0.0000 0.0000 -1.1000 0.3500 1.0000 8.4000
0.0000 1.0000 0.0250 -0.0875 0.0000 1.4000
1.0000 0.0000 -0.1500 0.0250 0.0000 3.6000
3
V1 3.0000 3.5000
D1 0.0714 0.2500
14.0000
- - -
-16.0000 -12.0000 1.0000 1.0000 1.0000 0.0000 0.0000 0.0000 -66.0000
7.0000 2.0000 -1.0000 0.0000 0.0000 1.0000 0.0000 0.0000 28.0000
2.0000 12.0000 0.0000 1.0000 0.0000 0.0000 1.0000 0.0000 24.0000
7.0000 -2.0000 0.0000 0.0000 1.0000 0.0000 0.0000 1.0000 14.0000
0.0000 0.0000 -0.1250 -0.0625 0.0000 5.0000
0.0000 0.0000 -1.1000 0.3500 1.0000 8.4000
0.0000 1.0000 0.0250 -0.0875 0.0000 1.4000
1.0000 0.0000 -0.1500 0.0250 0.0000 3.6000
4
+ inf
- - -
-14.0000 0.0000 0.0000 1.0000 0.0000 0.0000 0.0000 -42.0000
7.0000 2.0000 -2.0000 -1.0000 0.0000 1.0000 0.0000 28.0000
2.0000 12.0000 -12.0000 0.0000 1.0000 0.0000 0.0000 24.0000
7.0000 -2.0000 2.0000 0.0000 0.0000 0.0000 1.0000 14.0000
5
imp
- - -
